Confusion Matrix:
[[1190,    0,    0,    0,    0,    0,    0,    0,    1,    3],
 [   0, 1265,    4,    0,    1,    0,    0,    1,    1,    0],
 [   0,    2, 1191,    1,    1,    0,    0,    0,    1,    0],
 [   0,    0,    6, 1227,    0,    2,    0,    1,    3,    3],
 [   0,    2,    1,    0, 1178,    0,    0,    1,    1,    4],
 [   4,    1,    1,    3,    2, 1066,    9,    2,    4,    5],
 [   2,    1,    3,    0,    5,    0, 1156,    0,    3,    0],
 [   1,    1,    2,    1,    1,    0,    0, 1285,    0,    6],
 [   4,    0,    2,    0,    1,    2,    0,    0, 1186,    3],
 [   2,    1,    0,    3,   13,    2,    0,    6,    4, 1116]]

Classification Report:
              precision    recall  f1-score   support

           0       0.99      1.00      0.99      1194
           1       0.99      0.99      0.99      1272
           2       0.98      1.00      0.99      1196
           3       0.99      0.99      0.99      1242
           4       0.98      0.99      0.99      1187
           5       0.99      0.97      0.98      1097
           6       0.99      0.99      0.99      1170
           7       0.99      0.99      0.99      1297
           8       0.99      0.99      0.99      1198
           9       0.98      0.97      0.98      1147

    accuracy                           0.99     12000
   macro avg       0.99      0.99      0.99     12000
weighted avg       0.99      0.99      0.99     12000
